[[33, 66, 32.0, 4, 1.0], [23, 107, 103.0, 18, 5.0], [27, 32, 3.0, 0, 2.0], [24, 95, 66.0, 5, 4.0], [28, 78, 19.0, 1, 1.0], [24, 43, 20.0, 1, 4.0], [27, 71, 31.0, 1, 3.0], [27, 36, 9.0, 0, 1.0], [27, 48, 7.0, 0, 4.0], [23, 59, 12.0, 3, 1.0], [24, 11, 5.0, 0, 0.0], [22, 120, 81.0, 1, 23.0], [30, 87, 10.0, 0, 3.0], [26, 136, 121.0, 5, 26.0], [26, 54, 5.0, 0, 0.0], [22, 33, 21.0, 0, 1.0], [25, 13, 9.0, 2, 0.0], [26, 111, 57.0, 8, 4.0], [24, 62, 38.0, 5, 5.0], [22, 42, 20.0, 1, 0.0], [22, 18, 6.0, 0, 0.0], [28, 62, 29.0, 3, 15.0], [28, 7, 2.0, 0, 0.0], [41, 137, 122.0, 21, 25.0], [21, 96, 51.0, 2, 1.0], [22, 56, 7.0, 0, 0.0], [25, 86, 17.0, 1, 3.0], [23, 107, 64.0, 8, 3.0], [25, 32, 9.0, 0, 0.0], [24, 43, 8.0, 0, 4.0], [21, 71, 36.0, 2, 6.0], [21, 34, 9.0, 1, 1.0], [21, 5, 1.0, 1, 0.0], [23, 3, 1.0, 0, 0.0], [28, 3, 0.0, 0, 0.0], [28, 4, 0.0, 0, 0.0], [23, 1, 0.0, 0, 1.57], [21, 13, 1.0, 0, 0.0], [20, 6, 2.0, 0, 0.0]]

 
 

[70000000, 27000000, 27000000, 34000000, 32000000, 27000000, 27000000, 27000000, 27000000, 27000000, 27000000, 27000000, 27000000, 30000000, 29000000, 27000000, 27000000, 27000000, 27000000, 27000000, 27000000, 27000000, 27000000, 2700000000, 30000000, 30000000, 30000000, 30000000, 30000000, 30000000, 30000000, 30000000, 30000000, 30000000, 30000000, 30000000, 30000000, 30000000, 30000000]

 
 

[27000000, 27000000, 28000000, 27000000, 27000000, 27000000, 30000000, 35000000, 27000000, 27000000, 27000000, 27000000, 40000000, 27000000, 27000000, 29000000, 27000000, 30000000, 27000000, 30000000, 27000000, 27000000, 27000000, 27000000, 27000000, 27000000, 27000000, 27000000, 27000000, 30000000, 27000000, 32000000, 27000000, 27000000, 30000000, 30000000, 30000000, 33000000, 30000000, 30000000, 43000000, 30000000, 30000000, 30000000, 40000000, 30000000, 30000000, 30000000, 30000000, 30000000, 30000000, 30000000, 30000000]

 
 

[[23, 8, 7.33, 1, 3, 0], [23, 0, 4.91, 0, 0, 0], [27, 0, 3.45, 2, 0, 0], [24, 0, 2.22, 7, 26, 2], [23, 26, 3.06, 14, 0, 0], [23, 8, 5.37, 5, 6, 0], [23, 8, 7.88, 1, 0, 0], [23, 5, 7.62, 0, 0, 0], [23, 24, 5.91, 8, 0, 0], [26, 1, 9.35, 0, 0, 0], [30, 0, 1.46, 0, 1, 0], [24, 1, 6.63, 0, 1, 0], [34, 0, 6.75, 0, 0, 0], [23, 3, 4.46, 7, 1, 0], [22, 22, 4.3, 8, 0, 0], [26, 0, 5.49, 0, 2, 0], [25, 0, 3.54, 0, 11, 1], [27, 0, 0.0, 0, 0, 0], [22, 24, 4.15, 7, 0, 0], [22, 0, 9.53, 0, 0, 0], [22, 1, 12.27, 0, 0, 0], [26, 0, 2.13, 2, 13, 5], [23, 11, 8.58, 1, 0, 0], [25, 1, 27.0, 0, 0, 0], [22, 0, 2.2, 5, 0, 34], [22, 8, 5.05, 0, 0, 1], [22, 0, 2.85, 4, 20, 1], [27, 0, 2.97, 3, 15, 0], [24, 25, 4.41, 9, 0, 0], [22, 21, 5.89, 7, 2, 0], [23, 0, 2.66, 0, 1, 0], [27, 0, 4.13, 1, 0, 0], [27, 0, 2.08, 1, 7, 1], [22, 3, 4.8, 0, 0, 0], [21, 19, 3.61, 4, 0, 0], [21, 5, 6.31, 4, 8, 0], [21, 2, 9.17, 0, 0, 0], [31, 0, 3.58, 2, 4, 0], [25, 0, 3.92, 2, 10, 1], [26, 0, 5.18, 1, 2, 0], [25, 7, 6.41, 1, 1, 1], [28, 13, 3.92, 5, 2, 0], [21, 0, 5.26, 1, 7, 0], [25, 0, 5.79, 2, 5, 0], [28, 0, 2.16, 0, 1, 0], [27, 0, 9.0, 0, 0, 0], [28, 0, 4.5, 2, 2, 0], [23, 0, 7.71, 0, 1, 0], [22, 2, 3.93, 0, 2, 0], [21, 0, 3.14, 0, 0, 0], [22, 3, 7.36, 0, 0, 0], [24, 0, 6.0, 0, 0, 0], [21, 0, 21.6, 0, 0, 0]]
