[[41, 114, 120.0, 19, 0.0], [33, 34, 15.0, 5, 3.0], [32, 53, 21.0, 2, 2.0], [28, 139, 109.0, 6, 16.0], [28, 75, 55.0, 1, 6.0], [32, 122, 11.0, 0, 15.0], [29, 73, 40.0, 7, 0.0], [27, 86, 67.0, 13, 0.0], [31, 39, 21.0, 4, 0.0], [31, 62, 27.0, 4, 4.0], [27, 47, 2.0, 0, 0.0], [31, 87, 50.0, 1, 7.0], [27, 66, 61.0, 6, 0.0], [31, 64, 24.0, 2, 2.0], [33, 11, 2.0, 0, 0.0], [27, 53, 10.0, 0, 2.0], [30, 5, 0.0, 0, 0.0], [30, 115, 24.0, 1, 21.0], [33, 69, 44.0, 4, 2.0], [30, 77, 12.0, 1, 1.0], [26, 17, 8.0, 2, 1.0], [30, 144, 172.0, 4, 23.0], [25, 123, 167.0, 7, 10.0], [26, 43, 2.0, 0, 0.0], [34, 138, 101.0, 0, 12.0], [25, 82, 48.0, 3, 0.0], [29, 41, 32.0, 2, 0.0], [26, 1, 0.0, 0, 0.0], [24, 30, 3.0, 0, 0.0], [26, 53, 53.0, 3, 5.0], [24, 144, 170.0, 3, 46.0], [26, 71, 22.0, 2, 0.0], [25, 135, 123.0, 4, 12.0], [24, 129, 113.0, 17, 0.0], [23, 139, 140.0, 6, 19.0], [28, 87, 17.0, 0, 0.0], [27, 56, 11.0, 0, 1.0], [24, 52, 18.0, 1, 0.0], [26, 31, 18.0, 1, 1.0], [24, 5, 5.0, 1, 0.0], [24, 9, 1.0, 0, 0.0], [26, 37, 10.0, 1, 3.0]]

 
 

[2500000000, 27000000, 30000000, 27000000, 29000000, 27000000, 57000000, 27000000, 30000000, 27000000, 27000000, 29000000, 27000000, 60000000, 57000000, 38000000, 33000000, 45000000, 18500000, 27000000, 36000000, 27000000, 110000000, 27000000, 40000000, 32000000, 27000000, 27000000, 27000000, 27000000, 27000000, 48000000, 30000000, 27000000, 27000000, 28000000, 34000000, 27000000, 27000000, 28000000, 27000000, 30000000]

 
 

[37000000, 27000000, 27000000, 56000000, 27000000, 27000000, 28000000, 27000000, 30000000, 60000000, 27000000, 90000000, 27000000, 45000000, 27000000, 27000000, 27000000, 27000000, 27000000, 27000000, 27000000, 27000000, 27000000, 27000000, 27000000, 29000000, 27000000, 47000000, 27000000, 27000000, 28000000, 27000000, 30000000, 27000000]

 
 

[[33, 6, 2.76, 0, 0, 0], [32, 25, 2.92, 11, 1, 0], [31, 1, 2.95, 4, 11, 0], [28, 28, 3.98, 10, 0, 0], [29, 2, 2.89, 0, 1, 0], [27, 9, 4.1, 4, 0, 0], [29, 0, 2.61, 0, 6, 0], [28, 0, 3.31, 3, 27, 0], [27, 0, 2.39, 5, 4, 7], [31, 1, 5.55, 3, 9, 1], [28, 28, 4.0, 14, 0, 0], [31, 0, 4.94, 0, 4, 0], [33, 0, 2.42, 4, 0, 32], [27, 3, 3.94, 3, 0, 0], [28, 2, 5.22, 4, 9, 1], [27, 0, 3.46, 1, 7, 0], [26, 28, 4.58, 9, 0, 0], [30, 1, 4.3, 3, 2, 0], [25, 6, 8.44, 1, 0, 0], [25, 0, 2.17, 1, 0, 30], [27, 26, 3.68, 9, 0, 0], [26, 11, 6.29, 5, 2, 1], [29, 0, 4.15, 0, 0, 0], [24, 0, 6.6, 1, 1, 0], [24, 21, 4.1, 4, 0, 0], [39, 0, 5.09, 2, 9, 0], [32, 7, 6.52, 3, 0, 0], [28, 0, 3.91, 1, 13, 2], [24, 21, 3.26, 8, 0, 0], [24, 3, 5.51, 1, 5, 0], [27, 0, 5.59, 1, 0, 0], [29, 29, 3.3, 12, 0, 0], [24, 12, 5.86, 3, 4, 0], [25, 12, 5.77, 0, 0, 0]]
